115,2
115,0
114,11
114,2
114,0
113,4
113,2
113,0
112,3
112,2
112,1
112,0
111,3
111,2
111,1
111,0
110,3
110,2
110,1
110,0
108,2
108,0
107,5
107,4
107,3
107,2
107,1
107,0
106,3
106,2
106,1
106,0
105,3
105,2
105,1
105,0
104,4
104,3
104,2
104,1
104,0
101,4
101,3
101,2
101,1
101,0
4,3
4,2
4,1
4,0
3,6
3,5
3,4
114,10
3,3
114,9
3,2
3,1
114,8
108,5
108,4
114,7
3,0
114,6
108,1
2,2
114,5
2,0
108,3
114,4
1,2
1,0
114,1
0,408
114,3
0,345
0,342
115,1
0,338
115,3
0,331
0,329
2,1
0,328
2,3
0,327
0,324
1,1
0,323
1,3
0,322
0,320
113,1
0,243
113,3
0,0
0,9
0,310
0,305
0,308
0,304
0,303
0,302
0,307
0,12
0,10
0,8
0,396
0,300
0,395
0,299
0,436
0,298
0,394
0,297
0,393
0,296
0,428
0,295
0,427
0,294
0,435
0,293
0,392
0,292
0,391
0,291
0,390
0,290
0,389
0,289
0,388
0,288
0,426
0,287
0,387
0,286
0,386
0,285
0,425
0,284
0,424
0,283
0,434
0,282
0,385
0,281
0,384
0,280
0,383
0,279
0,382
0,278
0,381
0,277
0,423
0,276
0,380
0,275
0,379
0,274
0,422
0,273
0,421
0,272
0,433
0,271
0,378
0,270
0,377
0,269
0,376
0,268
0,375
0,267
0,374
0,266
0,420
0,265
0,419
0,264
0,373
0,263
0,372
0,262
0,418
0,261
0,417
0,260
0,432
0,259
0,371
0,258
0,370
0,257
0,369
0,256
0,368
0,255
0,367
0,254
0,416
0,253
0,415
0,252
0,366
0,251
0,365
0,250
0,414
0,249
0,413
0,248
0,431
0,247
0,364
0,246
0,363
0,245
0,362
0,244
0,361
0,242
0,360
0,241
0,412
0,240
0,411
0,239
0,359
0,238
0,358
0,237
0,410
0,236
0,409
0,235
0,430
0,234
0,357
0,233
0,356
0,232
0,355
0,231
0,354
0,230
0,353
0,229
0,407
0,228
0,406
0,227
0,352
0,226
0,351
0,225
0,405
0,224
0,404
0,223
0,437
0,222
0,350
0,221
0,349
0,220
0,348
0,219
0,347
0,218
0,346
0,217
0,403
0,216
0,402
0,215
0,318
0,214
0,344
0,213
0,343
0,212
0,401
0,211
0,446
0,210
0,341
0,209
0,340
0,208
0,339
0,207
0,445
0,206
0,337
0,205
0,400
0,204
0,336
0,203
0,335
0,202
0,334
0,201
0,333
0,200
0,332
0,199
0,447
0,198
0,330
0,197
0,441
0,196
0,444
0,195
0,442
0,194
0,326
0,193
0,325
0,192
0,440
0,63
0,443
0,62
0,321
0,61
0,439
0,60
0,319
0,59
0,438
0,58
0,399
0,57
0,398
0,56
0,429
0,55
0,397
0,54
0,317
0,53
0,316
0,52
0,315
0,51
0,314
0,50
0,313
0,49
0,312
0,48
0,311
0,47
0,309
0,46
0,306
0,45
0,301
0,6
0,5
0,1
0,11
0,4
0,2
0,3
0,7
